0 0.018746 0.482412 0.033353 0.482412 0.068409 0.679611 0.127324 0.823513 0.173093 0.903459 0.195490 0.979141 0.177475 0.992998 0.144365 0.880008 0.094215 0.827777 0.043091 0.634842 0.024588 0.513324
0 0.065975 0.440840 0.089833 0.557028 0.099571 0.649765 0.135601 0.767018 0.194516 0.877876 0.235416 0.926910 0.241258 0.996196 0.227625 0.987668 0.216427 0.940767 0.175040 0.880008 0.146800 0.824579 0.110283 0.761689 0.073765 0.576215 0.060619 0.469621
0 0.121481 0.418455 0.105414 0.432313 0.129759 0.579413 0.152156 0.693468 0.194029 0.821381 0.241745 0.898129 0.279236 0.939701 0.288488 0.994064 0.304068 0.980207 0.296278 0.943965 0.269985 0.897063 0.239798 0.878942 0.209123 0.820316 0.153617 0.670018 0.137549 0.527182 0.129272 0.423785
0 0.155077 0.422719 0.175527 0.412060 0.193055 0.521852 0.229573 0.681743 0.273394 0.807524 0.335717 0.900261 0.358114 0.936503 0.353732 0.980207 0.346428 0.967415 0.326466 0.917316 0.307477 0.893866 0.264629 0.843766 0.232494 0.743568 0.194516 0.602863
0 0.205228 0.365158 0.224704 0.360895 0.258787 0.539973 0.308937 0.714787 0.353245 0.830975 0.401448 0.889602 0.409725 0.956756 0.406317 0.958888 0.386841 0.901327 0.341559 0.846964 0.299686 0.762755 0.277289 0.682809
0 0.259274 0.298004 0.270472 0.285213 0.311859 0.466423 0.350324 0.620984 0.401448 0.777678 0.414594 0.830975 0.469614 0.897063 0.472048 0.939701 0.452086 0.935437 0.451112 0.899195 0.416055 0.874679 0.395605 0.832041 0.374669 0.758491
0 0.324031 0.263894 0.342533 0.271355 0.390736 0.500533 0.432123 0.664688 0.476430 0.790469 0.507592 0.864019 0.535345 0.875744 0.535345 0.915184 0.504184 0.908789 0.476917 0.858689 0.455007 0.792601 0.422872 0.674281 0.373695 0.503731
0 0.389276 0.230850 0.403883 0.230850 0.456954 0.474950 0.496880 0.636974 0.526094 0.744634 0.556282 0.816052 0.595234 0.881074 0.593286 0.897063 0.554821 0.854426 0.493472 0.687073 0.465719 0.558094 0.429201 0.416324
0 0.462310 0.230850 0.477891 0.235113 0.492985 0.340642 0.513435 0.421653 0.534371 0.464291 0.537293 0.549566 0.571863 0.640171 0.588417 0.713721 0.614223 0.769150 0.642463 0.855492 0.666321 0.902393 0.644411 0.883206 0.630290 0.854426 0.579166 0.745700 0.559203 0.648699 0.524633 0.535709 0.507592 0.448302 0.464258 0.268158
0 0.519278 0.195674 0.535345 0.207399 0.538753 0.247905 0.560664 0.331048 0.569428 0.392873 0.598642 0.489874 0.632238 0.593270 0.635159 0.651897 0.662426 0.727579 0.690666 0.804326 0.714037 0.862953 0.710142 0.871481 0.679467 0.826711 0.632238 0.679611 0.603998 0.583676 0.560177 0.401400 0.537293 0.293740 0.521712 0.218058
0 0.588904 0.181816 0.608380 0.177553 0.645384 0.398203 0.650740 0.493071 0.697482 0.591138 0.710629 0.664688 0.729618 0.713721 0.758832 0.811788 0.760292 0.840568 0.733513 0.746766 0.705273 0.676413 0.679467 0.592204 0.652201 0.514390 0.626395 0.404598 0.589878 0.208465
0 0.643437 0.211663 0.664860 0.214861 0.687745 0.358763 0.708194 0.454697 0.713063 0.447236 0.695535 0.295872 0.677033 0.187146 0.641002 0.161563
0 0.718906 0.241509 0.735947 0.228718 0.756397 0.343840 0.764188 0.407796 0.772952 0.393939 0.748120 0.167959 0.710629 0.183948
0 0.785611 0.169025 0.807522 0.203135 0.809469 0.300136 0.822615 0.182882 0.804600 0.159432
