0 0.330389 0.990237 0.295816 0.944946 0.293868 0.907000 0.318215 0.756441 0.313346 0.610778 0.306529 0.510405 0.267573 0.472459 0.228618 0.423496 0.215958 0.276609 0.215471 0.192149 0.205732 0.234991 0.214010 0.397791 0.214497 0.436961 0.268060 0.504284 0.297277 0.560591 0.298737 0.701358 0.297764 0.837229 0.279260 0.925361 0.288025 0.977996
0 0.287538 0.233767 0.276338 0.250904 0.285590 0.399015 0.303120 0.467562 0.362527 0.539782 0.373726 0.533662 0.321137 0.450426 0.296303 0.394119
0 0.343049 0.195821 0.357170 0.203165 0.365448 0.392895 0.394178 0.461442 0.443359 0.526317 0.460401 0.653620 0.474523 0.838453 0.459915 0.894760 0.463323 0.937602 0.485235 0.963307 0.480853 0.977996 0.457480 0.964531 0.444332 0.898432 0.456993 0.818868 0.447741 0.649948 0.426803 0.545902 0.373726 0.465114 0.346945 0.376982
0 0.401969 0.189700 0.427776 0.194597 0.436054 0.372086 0.464784 0.450426 0.523704 0.531214 0.549998 0.649948 0.556816 0.798059 0.549998 0.915569 0.544155 0.891088 0.547564 0.769906 0.536364 0.671981 0.525651 0.574056 0.489131 0.505508 0.443359 0.450426 0.416090 0.324347 0.413655 0.212958
0 0.476470 0.173788 0.491079 0.176236 0.495948 0.301090 0.518834 0.418600 0.591388 0.541006 0.607457 0.643827 0.624013 0.806627 0.619631 0.900880 0.614761 0.904552 0.611840 0.822540 0.603562 0.727063 0.583110 0.574056 0.548051 0.505508 0.510556 0.434513 0.483775 0.298642 0.482314 0.219078
0 0.547564 0.141962 0.560224 0.144410 0.568989 0.313331 0.597718 0.439409 0.650795 0.520197 0.675629 0.581400 0.693159 0.720943 0.705332 0.882519 0.696080 0.900880 0.678550 0.745424 0.661994 0.586296 0.631317 0.517749 0.587006 0.446753 0.558763 0.343932
0 0.617683 0.148082 0.624987 0.148082 0.639595 0.216630 0.669786 0.326795 0.685368 0.395343 0.733088 0.476131 0.736983 0.537334 0.717019 0.485923 0.686828 0.450426 0.657612 0.348828 0.624500 0.214182
0 0.772043 0.019556 0.776912 0.085655 0.772530 0.171340 0.739905 0.279057 0.738931 0.384326 0.750131 0.492044 0.778860 0.586296 0.803694 0.747872 0.813433 0.720943 0.797364 0.607105 0.775938 0.525093 0.751591 0.429616 0.751104 0.291298 0.772530 0.223974 0.788599 0.105240 0.792494 0.034245
0 0.866022 0.766233 0.885500 0.714823 0.863588 0.636483 0.830963 0.545902 0.821224 0.512853 0.799311 0.501836 0.838754 0.602209 0.862614 0.692790
0 0.930298 0.746648 0.947828 0.745424 0.931759 0.682997 0.922020 0.621794 0.897186 0.536110 0.871865 0.490820 0.889882 0.563039 0.913742 0.614450 0.924942 0.719719
0 0.887934 0.236215 0.893778 0.341484 0.933707 0.489595 0.970227 0.578952 0.993600 0.675653 0.992627 0.702582 0.966819 0.612002 0.935168 0.521421 0.902543 0.450426 0.879657 0.357397 0.875274 0.252128
