0 0.232034 0.960071 0.205778 0.986187 0.114754 0.758980 0.105418 0.580523 0.182438 0.240149 0.171936 0.179213 0.209862 0.160061 0.145095 0.486507 0.127007 0.616215 0.134009 0.749405
0 0.110086 0.068656 0.144512 0.083455 0.075661 0.385526 0.051738 0.517846 0.033066 0.572689 0.070409 0.322849 0.110086 0.135687
0 0.307304 0.153967 0.327726 0.181824 0.237869 0.452557 0.206361 0.612733 0.234952 0.785966 0.298552 0.973129 0.266460 0.979222 0.184772 0.658000 0.216280 0.490860
0 0.372071 0.194882 0.404746 0.232314 0.321891 0.507399 0.313722 0.731124 0.394827 0.912192 0.451425 0.991410 0.401829 0.994892 0.289800 0.746793 0.298552 0.508270 0.377322 0.207940
0 0.459594 0.247113 0.478849 0.270617 0.394243 0.574430 0.416999 0.734606 0.491685 0.913063 0.475931 0.965294 0.402412 0.744181 0.368570 0.581394
0 0.577458 0.168766 0.604881 0.187047 0.482933 0.546573 0.492852 0.663223 0.516775 0.760721 0.567538 0.907840 0.526694 0.887818 0.480016 0.725900 0.470096 0.534386
0 0.692988 0.153967 0.708158 0.173989 0.603131 0.468226 0.576291 0.564854 0.603131 0.811212 0.583292 0.822528 0.547116 0.584876 0.617718 0.364634
0 0.796265 0.136557 0.810852 0.160061 0.666731 0.530904 0.671982 0.666705 0.698239 0.784225 0.671399 0.766815 0.644558 0.618826 0.665564 0.480413
0 0.831857 0.226221 0.852279 0.214034 0.784011 0.449074 0.751336 0.562242 0.756588 0.678022 0.752503 0.724159 0.734415 0.700655 0.734999 0.521328
0 0.873868 0.295863 0.891373 0.278452 0.833024 0.561372 0.841193 0.683245 0.880870 0.811212 0.900125 0.854738 0.875035 0.868666 0.821938 0.709361 0.800932 0.567465
0 0.950888 0.836457 0.940969 0.875630 0.886705 0.693691 0.880870 0.516975 0.904209 0.282805 0.917046 0.335907 0.901875 0.532645 0.903042 0.679763
