0 0.004341 0.416854 0.002630 0.474291 0.047107 0.588295 0.106409 0.739721 0.164001 0.878092 0.193082 0.947713 0.272912 0.986004 0.225014 0.956415 0.184529 0.893757 0.132639 0.761477
0 0.003200 0.720575 0.000000 0.735228 0.044256 0.871130 0.080179 0.923345 0.099567 0.978172 0.153737 0.991226 0.169133 0.982523 0.105269 0.961637 0.085881 0.903329 0.050528 0.854595
0 0.080750 0.357677 0.104699 0.342882 0.133780 0.487345 0.174835 0.612663 0.219882 0.704040 0.248963 0.806731 0.349321 0.982523 0.341908 0.993836 0.291159 0.927697 0.243831 0.838930 0.216461 0.746683 0.183958 0.643992 0.093864 0.425557
0 0.180537 0.321126 0.201635 0.323737 0.221593 0.437741 0.242120 0.479513 0.259797 0.523896 0.269491 0.580463 0.344189 0.754515 0.410334 0.918994 0.440555 0.967729 0.473628 0.982523 0.469636 0.994707 0.425730 0.984264 0.357874 0.838060 0.305984 0.716224 0.250674 0.526507 0.206767 0.427297
0 0.287738 0.275002 0.297431 0.330699 0.307125 0.382914 0.336206 0.457757 0.356734 0.535210 0.409764 0.636160 0.435423 0.738850 0.473628 0.831968 0.557449 0.970339 0.546615 0.989485 0.490734 0.898978 0.436564 0.796287 0.397789 0.655305 0.337346 0.534339 0.295721 0.375952 0.277474 0.300240
0 0.399500 0.270651 0.400070 0.322866 0.421168 0.396838 0.465645 0.511713 0.486743 0.573501 0.532930 0.677062 0.563151 0.820655 0.596224 0.860687 0.640130 0.936399 0.628726 0.952934 0.588241 0.878092 0.538632 0.796287 0.522666 0.690986 0.462793 0.573501 0.417747 0.417725 0.380683 0.308942 0.373270 0.265429
0 0.466785 0.278483 0.500998 0.284575 0.503849 0.377693 0.540343 0.468200 0.583679 0.598739 0.638990 0.772790 0.653815 0.763218 0.620173 0.641381 0.562581 0.513453 0.536351 0.424687 0.510121 0.342012 0.504989 0.254116 0.461653 0.239321
0 0.573985 0.300240 0.601926 0.308072 0.628156 0.436870 0.669781 0.533469 0.678905 0.520415 0.629296 0.369860 0.619603 0.276743 0.597364 0.266299
0 0.674343 0.250635 0.703424 0.285445 0.710267 0.377693 0.724522 0.363768 0.713688 0.259337 0.683467 0.229749
0 0.723382 0.127058 0.776982 0.205381 0.807773 0.277613 0.790667 0.313293 0.787816 0.342012 0.826591 0.323737 0.827161 0.262818 0.794088 0.223657 0.755314 0.115745
0 0.807773 0.181014 0.840846 0.182755 0.863655 0.187976 0.896157 0.242802 0.944625 0.316774 0.950897 0.275872 0.921246 0.246283 0.889884 0.206252 0.874489 0.176663 0.855101 0.156647 0.802642 0.150555
