0 0.092670 0.448482 0.096567 0.506962 0.097054 0.605356 0.105335 0.652697 0.103386 0.778010 0.095106 0.793790 0.099490 0.684257 0.091696 0.633204 0.088774 0.523670 0.080493 0.454052
0 0.257794 0.420635 0.254384 0.500464 0.248539 0.600715 0.260230 0.692611 0.255846 0.735311 0.262178 0.731598 0.262665 0.646199 0.262178 0.579365 0.269484 0.411352
0 0.198856 0.435487 0.186679 0.511603 0.186679 0.578437 0.188627 0.659195 0.200317 0.670333 0.197395 0.726957 0.192524 0.723244 0.191063 0.683329 0.178398 0.624849 0.176937 0.550590 0.188627 0.440128
0 0.326474 0.402070 0.330858 0.466119 0.340112 0.542235 0.345958 0.603500 0.328422 0.667549 0.322577 0.714889 0.331345 0.713961 0.361057 0.617423 0.341574 0.484684 0.337190 0.415065
0 0.366415 0.350088 0.390770 0.500464 0.394180 0.545948 0.391257 0.610926 0.399538 0.590504 0.400512 0.511603 0.391257 0.424348 0.377131 0.343590
0 0.420482 0.297178 0.424379 0.354729 0.438505 0.428061 0.447272 0.506962 0.434608 0.622993 0.414637 0.782651 0.398076 0.928386 0.413663 0.913534 0.428763 0.729741 0.462372 0.505105 0.430711 0.297178
0 0.501339 0.165367 0.484778 0.183003 0.484291 0.364940 0.498904 0.468904 0.503288 0.529240 0.478933 0.755732 0.478933 0.901467 0.494033 0.903324 0.487214 0.770584 0.514004 0.538522 0.495982 0.372366 0.493059 0.215492
0 0.555407 0.150515 0.558816 0.305532 0.555407 0.432702 0.569045 0.512531 0.566610 0.630419 0.600219 0.716746 0.603629 0.677759 0.578300 0.622065 0.577813 0.492110 0.570019 0.346375 0.566123 0.216420
0 0.634802 0.221062 0.645031 0.230344 0.637238 0.392787 0.645518 0.508818 0.652338 0.571939 0.681563 0.676831 0.671821 0.687042 0.636264 0.563585 0.627009 0.441985 0.627009 0.303676
0 0.695202 0.247052 0.709814 0.245196 0.698611 0.416922 0.703969 0.502321 0.715659 0.586791 0.699585 0.604428 0.687895 0.462406 0.695689 0.269330
0 0.766804 0.238698 0.778494 0.238698 0.777520 0.300891 0.770701 0.433630 0.769727 0.543164 0.760959 0.551518 0.761446 0.384433 0.771188 0.273972
0 0.851071 0.247981 0.835971 0.245196 0.826229 0.394644 0.830613 0.543164 0.845713 0.583078 0.845713 0.539451 0.836945 0.482827 0.845713 0.317599 0.851558 0.270259
