0 0.003569 0.247127 0.041745 0.382921 0.081606 0.460393 0.164695 0.554405 0.174800 0.617950 0.161888 0.620561 0.138870 0.551793 0.065325 0.469098 0.001323 0.296744
0 0.084413 0.073902 0.109115 0.146151 0.099009 0.203603 0.193889 0.466487 0.261820 0.582260 0.316838 0.739816 0.422946 0.906077 0.412279 0.922616 0.289329 0.711091 0.233188 0.570944 0.139993 0.370734 0.088904 0.221012 0.075991 0.099146
0 0.120343 0.008616 0.208485 0.248868 0.289329 0.483026 0.392068 0.696292 0.513895 0.872999 0.498737 0.891279 0.399366 0.738946 0.338734 0.623172 0.247784 0.413388 0.171993 0.188805 0.120343 0.035601
0 0.417893 0.029507 0.435297 0.051269 0.400489 0.106980 0.301680 0.409035 0.301119 0.473450 0.286522 0.436890 0.320207 0.276723
0 0.454385 0.254090 0.399366 0.423833 0.412279 0.497824 0.398805 0.512622 0.383647 0.408165 0.397121 0.325469 0.439227 0.240163
0 0.430806 0.463875 0.462806 0.523938 0.643020 0.668437 0.628424 0.691940 0.511088 0.590965 0.448771 0.547441 0.424069 0.484767
0 0.428560 0.582260 0.600353 0.805102 0.689618 0.850367 0.673337 0.872129 0.580142 0.823382 0.497614 0.715443 0.417332 0.617079
0 0.524000 0.444725 0.571159 0.525679 0.703092 0.671919 0.732847 0.738075 0.712074 0.748521 0.616634 0.604022 0.526246 0.494342 0.496491 0.440372
0 0.632915 0.007746 0.658179 0.066067 0.647512 0.167913 0.735654 0.363770 0.864779 0.578778 0.963588 0.717184 0.946746 0.730241 0.806954 0.527420 0.725548 0.367252 0.650880 0.224494 0.620564 0.059974
0 0.650319 0.252349 0.671653 0.273241 0.641898 0.362900 0.649757 0.414258 0.734531 0.593576 0.894534 0.797268 0.881622 0.814677 0.728355 0.610986 0.656494 0.463875 0.620002 0.368993
