0 0.064979 0.322620 0.055726 0.476531 0.041603 0.663190 0.032837 0.650091 0.046473 0.452517 0.053291 0.345543
0 0.134621 0.319345 0.141927 0.371740 0.134621 0.491813 0.121959 0.639175 0.128290 0.697029 0.139979 0.680655 0.135595 0.614069 0.144849 0.487447 0.155076 0.353184 0.140953 0.302971
0 0.214004 0.297513 0.226666 0.358641 0.217413 0.504912 0.218874 0.650091 0.231536 0.657732 0.227640 0.492905 0.237867 0.366282 0.225692 0.278957
0 0.303127 0.281140 0.307023 0.375015 0.302153 0.516919 0.311893 0.640267 0.322120 0.611886 0.315789 0.520194 0.320659 0.370649 0.317250 0.281140
0 0.369847 0.222195 0.392736 0.306246 0.396145 0.550758 0.397606 0.758157 0.414165 0.752699 0.404424 0.311704 0.388353 0.203638
0 0.465788 0.220012 0.480398 0.508187 0.483807 0.658824 0.480885 0.766889 0.491599 0.765798 0.495008 0.507095 0.485268 0.287689 0.477963 0.206913
0 0.546144 0.225470 0.566111 0.380473 0.572930 0.593329 0.584618 0.783263 0.600689 0.786538 0.587540 0.611886 0.579261 0.388114 0.559780 0.217829
0 0.632832 0.259308 0.648416 0.419769 0.673740 0.651183 0.671792 0.782171 0.685916 0.773439 0.679585 0.605337 0.664000 0.477623 0.650851 0.306246 0.646468 0.251667
0 0.690299 0.230928 0.710266 0.338993 0.735104 0.550758 0.765298 0.698120 0.770168 0.635901 0.741922 0.484172 0.725363 0.348817 0.716110 0.252759
0 0.766759 0.063917 0.777960 0.147968 0.778934 0.282231 0.791597 0.395755 0.797928 0.536568 0.806694 0.472165 0.795980 0.322620 0.790136 0.240752 0.786727 0.114129 0.775525 0.059551
0 0.844681 0.063917 0.833479 0.137052 0.844681 0.228744 0.857830 0.360825 0.863187 0.445967 0.881206 0.490722 0.893869 0.486355 0.870979 0.420861 0.852473 0.201455 0.846142 0.142510 0.851499 0.091206
0 0.950849 0.106488 0.941595 0.245118 0.941108 0.356458 0.933316 0.412128 0.942082 0.406671 0.957667 0.337902 0.953771 0.143602
