0 0.002895 0.710955 0.048300 0.824951 0.109991 0.958962 0.089756 0.967664 0.025104 0.827562 0.000921 0.768388
0 0.026585 0.536914 0.056690 0.585646 0.107523 0.704863 0.194384 0.898918 0.185500 0.945039 0.118381 0.770128 0.050274 0.645690 0.020662 0.578684
0 0.114432 0.508198 0.211657 0.681368 0.291608 0.863240 0.308388 0.938948 0.278283 0.916322 0.242256 0.797975 0.174149 0.668315 0.105055 0.546487
0 0.197838 0.447284 0.274335 0.566501 0.301479 0.638728 0.408081 0.878033 0.392781 0.911101 0.304934 0.705733 0.192903 0.489053
0 0.125290 0.161857 0.234853 0.312402 0.339480 0.486443 0.424861 0.635247 0.503331 0.813638 0.546268 0.928505 0.489513 0.871072 0.394755 0.656132 0.299505 0.477741 0.226956 0.355912
0 0.230411 0.152285 0.299998 0.241046 0.392781 0.388110 0.502838 0.585646 0.611907 0.831043 0.588218 0.856278 0.476681 0.586516 0.362183 0.390721 0.282231 0.254099
0 0.301479 0.068746 0.319246 0.119218 0.419432 0.261931 0.502838 0.381148 0.609440 0.597828 0.714561 0.858019 0.682481 0.863240 0.592166 0.609141 0.500370 0.441192 0.432263 0.327196
0 0.396236 0.056563 0.467797 0.179262 0.583283 0.354172 0.663234 0.462077 0.789577 0.817119 0.763913 0.836264 0.624245 0.479481 0.498890 0.241916
0 0.504812 0.037419 0.532449 0.138362 0.620791 0.289777 0.740224 0.421178 0.869528 0.761426 0.902594 0.859759 0.863606 0.813638 0.696794 0.446413 0.572425 0.248878 0.493461 0.124439
0 0.586737 0.029587 0.618817 0.121828 0.706664 0.283686 0.916907 0.599569 0.969714 0.788403 0.940596 0.797975 0.832514 0.578684 0.757004 0.399423 0.656325 0.278465 0.602530 0.160987 0.552190 0.053082
