0 0.001102 0.533227 0.023508 0.734066 0.037634 0.927521 0.025944 0.926044 0.012305 0.700100 0.001102 0.633646
0 0.044940 0.268888 0.095110 0.435761 0.125796 0.674996 0.139922 0.861067 0.122387 0.828578 0.108261 0.604111 0.047375 0.326481
0 0.127745 0.144840 0.192040 0.389982 0.235878 0.639553 0.221265 0.930474 0.206653 0.930474 0.221752 0.717821 0.205678 0.555378 0.163302 0.329435 0.121900 0.165515
0 0.158431 0.008979 0.170121 0.081340 0.233929 0.134503 0.288970 0.262981 0.334756 0.607065 0.333295 0.810857 0.325501 0.787229 0.318195 0.579006 0.264616 0.254120 0.217368 0.150747 0.164276 0.104968
0 0.310889 0.079863 0.368852 0.164038 0.394181 0.339772 0.435096 0.645460 0.438992 0.819718 0.425841 0.799043 0.427790 0.660228 0.390771 0.425424 0.363981 0.208341 0.307479 0.110875
0 0.457502 0.081340 0.470653 0.156654 0.467731 0.276271 0.489162 0.394412 0.489162 0.432808 0.514978 0.568669 0.521797 0.717821 0.513030 0.720775 0.503775 0.567192 0.476498 0.466773 0.458963 0.316144
0 0.544203 0.038514 0.564174 0.115305 0.631391 0.717821 0.618240 0.734066 0.581222 0.369307 0.558816 0.156654 0.530565 0.071002
0 0.627495 0.060665 0.653310 0.107921 0.692277 0.345679 0.717606 0.522890 0.717606 0.706007 0.703480 0.694193 0.705428 0.516983 0.652823 0.199480
0 0.713222 0.025223 0.750240 0.144840 0.795052 0.401796 0.821355 0.719298 0.799923 0.738496 0.794565 0.516983 0.746344 0.209817 0.711761 0.071002
0 0.772159 0.000118 0.827200 0.134503 0.882241 0.394412 0.913901 0.626263 0.895392 0.642507 0.864706 0.391458 0.798949 0.121212 0.760469 0.031130
0 0.845709 0.000118 0.865193 0.127119 0.919746 0.322051 0.979658 0.505169 0.968455 0.549471 0.909517 0.327958 0.837916 0.028177
