0 0.053781 0.261887 0.080567 0.238321 0.174559 0.521111 0.262707 0.633049 0.430723 0.836304 0.565137 0.918784 0.606532 0.928603 0.599714 0.949223 0.478937 0.882453 0.399555 0.845141 0.317251 0.747932 0.232999 0.647777 0.170176 0.563333 0.076183 0.305091
0 0.149234 0.248141 0.175046 0.228502 0.245661 0.547623 0.282674 0.604573 0.368874 0.647777 0.396633 0.659560 0.387867 0.680180 0.294849 0.645813 0.253940 0.607519 0.167741 0.316874
0 0.219850 0.186280 0.245174 0.196099 0.270986 0.403282 0.280726 0.486744 0.301667 0.557442 0.419035 0.607519 0.417574 0.630103 0.375205 0.625193 0.300693 0.583953 0.270986 0.505400
0 0.303615 0.145040 0.320660 0.129330 0.325043 0.334548 0.342575 0.441576 0.363030 0.471034 0.404912 0.533876 0.463840 0.550568 0.463840 0.576098 0.399555 0.555478 0.364978 0.527984 0.332835 0.453359 0.306050 0.325711
0 0.387867 0.226539 0.406373 0.226539 0.402964 0.332585 0.420496 0.429794 0.494521 0.554496 0.599227 0.618320 0.785263 0.790154 0.785263 0.825503 0.702473 0.745968 0.585591 0.653669 0.497443 0.583953 0.434133 0.509328 0.389328 0.399354
0 0.457509 0.186280 0.468710 0.190208 0.479424 0.301164 0.486729 0.391499 0.520332 0.443540 0.504748 0.460233 0.476502 0.409173 0.456535 0.255014
0 0.555397 0.160751 0.569033 0.175479 0.557832 0.245195 0.571955 0.356150 0.592896 0.439613 0.573416 0.420956 0.543709 0.303127
0 0.625039 0.158787 0.622604 0.261887 0.645980 0.396409 0.653285 0.395427 0.637701 0.303127 0.630883 0.207882
0 0.710752 0.150932 0.706856 0.223593 0.723901 0.337494 0.734615 0.404264 0.745329 0.388553 0.724388 0.267779 0.727310 0.172534
0 0.783802 0.142094 0.782828 0.200027 0.789160 0.294290 0.813510 0.367933 0.824224 0.364006 0.797439 0.248141 0.801822 0.147004
0 0.863184 0.105764 0.857827 0.213774 0.896301 0.361060 0.908963 0.360078 0.875359 0.236358 0.874872 0.122456
