0 0.003162 0.626059 0.084974 0.723318 0.204283 0.838517 0.341980 1.000000 0.355733 0.989599 0.280739 0.883842 0.171656 0.773363 0.058190 0.654387 0.007058 0.611895
0 0.402483 0.006624 0.426832 0.000958 0.524227 0.166204 0.712200 0.428708 0.969324 0.786583 0.961532 0.813022 0.801317 0.593954 0.690773 0.430597 0.539323 0.216250 0.428293 0.056670
0 0.360603 0.047227 0.485756 0.239856 0.545167 0.319174 0.644023 0.447594 0.629414 0.464590 0.478938 0.284237 0.381056 0.121824
0 0.317749 0.083109 0.406866 0.223804 0.432675 0.283292 0.483321 0.346558 0.676164 0.568459 0.838327 0.734649 0.910887 0.795081 0.912348 0.814911 0.810570 0.745036 0.683469 0.609062 0.564646 0.473089 0.456050 0.351279 0.364012 0.186978 0.311905 0.120879
0 0.225223 0.111437 0.269538 0.189810 0.341611 0.322007 0.420014 0.415489 0.558802 0.526911 0.788169 0.777140 0.836379 0.813967 0.829562 0.839462 0.710739 0.728039 0.602630 0.609062 0.525201 0.532577 0.396639 0.422099 0.201361 0.130322
0 0.172143 0.144486 0.246650 0.262519 0.307035 0.364499 0.442415 0.509915 0.597274 0.656275 0.786708 0.847960 0.787682 0.874399 0.736062 0.818688 0.660094 0.765809 0.572925 0.677049 0.467251 0.554295 0.380082 0.478754 0.264181 0.326728 0.169708 0.161483
0 0.146820 0.186978 0.203309 0.301233 0.284147 0.423987 0.386900 0.538243 0.461407 0.618505 0.596787 0.748813 0.660094 0.808301 0.718044 0.892340 0.713661 0.918779 0.657659 0.837573 0.581203 0.771475 0.450694 0.628892 0.363525 0.535410 0.233989 0.390938 0.145846 0.229469
0 0.100557 0.285181 0.119062 0.339004 0.228632 0.468367 0.383004 0.632669 0.500365 0.735593 0.571951 0.805468 0.613831 0.868734 0.639154 0.915947 0.636232 0.925389 0.568055 0.834740 0.480886 0.743147 0.412222 0.697823 0.316288 0.596787 0.230093 0.506138 0.168734 0.430597 0.106401 0.348446
0 0.076208 0.385272 0.199413 0.529744 0.303140 0.636446 0.422449 0.757311 0.498417 0.809245 0.577795 0.928222 0.563185 0.942386 0.474555 0.820576 0.344046 0.704432 0.100557 0.443817
0 0.036763 0.535410 0.199900 0.710098 0.317749 0.805468 0.344046 0.867789 0.437545 0.967881 0.430728 0.979212 0.334306 0.885730 0.296809 0.813967 0.176039 0.709154 0.047964 0.576013
