0 0.068644 0.309819 0.095092 0.301987 0.190533 0.533481 0.310123 0.669244 0.478008 0.844170 0.645893 0.961658 0.638419 0.982545 0.506756 0.899868 0.387166 0.798916 0.278501 0.677077 0.152012 0.537832
0 0.161211 0.264565 0.187084 0.264565 0.269301 0.433399 0.312423 0.629212 0.391766 0.738867 0.380842 0.750180 0.326796 0.671855 0.263552 0.508243 0.230205 0.394236
0 0.279076 0.285451 0.310123 0.272397 0.328521 0.409901 0.349794 0.496059 0.377392 0.612676 0.429712 0.633563 0.434312 0.673596 0.455010 0.704926 0.453860 0.737996 0.484333 0.771937 0.451560 0.759753 0.436037 0.707537 0.380842 0.663152 0.347495 0.556108
0 0.383716 0.247159 0.414189 0.247159 0.417064 0.418604 0.449261 0.509113 0.469384 0.630952 0.511355 0.723202 0.575750 0.753661 0.574600 0.777159 0.507906 0.739737 0.460760 0.652709 0.438337 0.533481 0.415339 0.469951 0.396940 0.355074
0 0.507331 0.305468 0.520554 0.301116 0.521129 0.401199 0.540678 0.483875 0.594723 0.584827 0.629220 0.650969 0.644169 0.705796 0.614271 0.712758 0.594723 0.629212 0.546427 0.540443 0.504456 0.439491
0 0.602772 0.265435 0.617721 0.266305 0.624620 0.377701 0.636119 0.449934 0.679241 0.510854 0.722362 0.554368 0.718337 0.570033 0.674066 0.547405 0.636694 0.490837 0.592998 0.368128 0.597023 0.305468
0 0.714887 0.256732 0.717187 0.312430 0.724087 0.402939 0.746510 0.478653 0.764908 0.475172 0.740185 0.410772 0.740185 0.332447 0.740185 0.262824
0 0.814354 0.241067 0.830452 0.236716 0.840801 0.344630 0.849426 0.411642 0.868974 0.460378 0.863799 0.475172 0.836202 0.395977 0.812629 0.315911
0 0.937968 0.205386 0.956941 0.224532 0.957516 0.304598 0.954641 0.359425 0.970740 0.409901 0.979939 0.466469 0.957516 0.425566 0.941992 0.342020 0.941418 0.238456
0 0.620596 0.771067 0.687290 0.826765 0.806304 0.897257 0.920719 0.945993 0.981089 0.976453 0.937393 0.974712 0.850575 0.934679 0.766633 0.907701 0.652218 0.829376 0.602772 0.789343
0 0.720062 0.744959 0.831602 0.805008 0.907496 0.872890 0.954641 0.914663 0.967290 0.879852 0.862649 0.816322 0.780432 0.758013 0.698214 0.682299 0.670616 0.711888
